20
G_viminalis      0.0000000 0.0406304 0.0551637 0.0805065 0.0670325 0.1445226 0.1858929 0.1858929 0.1819241 0.1819241 0.1640909 0.1506922 0.1081790 0.0907364 0.1398721 0.1825977 0.1970319 0.1292383 0.1735659 0.2910132 
G_holdausi       0.0406304 0.0000000 0.0352001 0.0703609 0.0667597 0.1219710 0.1666916 0.1666916 0.1625253 0.1625253 0.1373527 0.1166540 0.1002869 0.0836009 0.1004284 0.1717381 0.1673272 0.1042579 0.1468564 0.2786654 
G_occidentalis   0.0551637 0.0352001 0.0000000 0.0761318 0.0566063 0.1219710 0.1524005 0.1524005 0.1484443 0.1484443 0.1380008 0.1187069 0.0877389 0.0852203 0.0908825 0.1568398 0.1520908 0.1124959 0.1468564 0.2519869 
G_rufipes        0.0805065 0.0703609 0.0761318 0.0000000 0.0687052 0.1437579 0.1692295 0.1692295 0.1651183 0.1651183 0.1533899 0.1400030 0.1080424 0.0956865 0.1102506 0.1809749 0.1960203 0.1295748 0.1156799 0.2746911 
G_linnaeana      0.0670325 0.0667597 0.0566063 0.0687052 0.0000000 0.1094695 0.1486595 0.1486595 0.1444599 0.1444599 0.1342147 0.1229736 0.0740248 0.0809583 0.1027532 0.1279560 0.1569458 0.0999633 0.1334468 0.2610722 
G_fornicata      0.1445226 0.1219710 0.1219710 0.1437579 0.1094695 0.0000000 0.0688759 0.0688759 0.0649145 0.0649145 0.0593946 0.0504943 0.0764172 0.0903362 0.0632575 0.0946222 0.0982823 0.1035004 0.1276468 0.3355242 
G_interposita_1_ 0.1858929 0.1666916 0.1524005 0.1692295 0.1486595 0.0688759 0.0000000 0.0000010 0.0028880 0.0028880 0.0438798 0.0384011 0.1406738 0.1081709 0.0979843 0.0826340 0.1037900 0.1577719 0.1330654 0.3485856 
G_interposita_2_ 0.1858929 0.1666916 0.1524005 0.1692295 0.1486595 0.0688759 0.0000010 0.0000000 0.0028880 0.0028880 0.0438798 0.0384011 0.1406738 0.1081709 0.0979843 0.0826340 0.1037900 0.1577719 0.1330654 0.3485856 
G_pallida_1_     0.1819241 0.1625253 0.1484443 0.1651183 0.1444599 0.0649145 0.0028880 0.0028880 0.0000000 0.0000010 0.0403648 0.0350695 0.1365354 0.1042164 0.0940918 0.0787013 0.0996735 0.1535401 0.1289032 0.3447291 
G_pallida_2_     0.1819241 0.1625253 0.1484443 0.1651183 0.1444599 0.0649145 0.0028880 0.0028880 0.0000010 0.0000000 0.0403648 0.0350695 0.1365354 0.1042164 0.0940918 0.0787013 0.0996735 0.1535401 0.1289032 0.3447291 
G_intermedia     0.1640909 0.1373527 0.1380008 0.1533899 0.1342147 0.0593946 0.0438798 0.0438798 0.0403648 0.0403648 0.0000000 0.0127189 0.1191050 0.0853707 0.0763296 0.0809517 0.1058670 0.1113113 0.1140662 0.3140508 
G_quinquepuncta  0.1506922 0.1166540 0.1187069 0.1400030 0.1229736 0.0504943 0.0384011 0.0384011 0.0350695 0.0350695 0.0127189 0.0000000 0.1070174 0.0772869 0.0627954 0.0805428 0.0953424 0.1004540 0.1029794 0.2839636 
G_kamikawai      0.1081790 0.1002869 0.0877389 0.1080424 0.0740248 0.0764172 0.1406738 0.1406738 0.1365354 0.1365354 0.1191050 0.1070174 0.0000000 0.0707672 0.0889489 0.1280879 0.1402431 0.0938138 0.0931713 0.2676484 
G_rubripennis    0.0907364 0.0836009 0.0852203 0.0956865 0.0809583 0.0903362 0.1081709 0.1081709 0.1042164 0.1042164 0.0853707 0.0772869 0.0707672 0.0000000 0.0782609 0.0920179 0.1295489 0.0784058 0.0932031 0.2198697 
G_nigropiagiata  0.1398721 0.1004284 0.0908825 0.1102506 0.1027532 0.0632575 0.0979843 0.0979843 0.0940918 0.0940918 0.0763296 0.0627954 0.0889489 0.0782609 0.0000000 0.0845169 0.0863043 0.1186901 0.1277470 0.2914173 
G_variabilis     0.1825977 0.1717381 0.1568398 0.1809749 0.1279560 0.0946222 0.0826340 0.0826340 0.0787013 0.0787013 0.0809517 0.0805428 0.1280879 0.0920179 0.0845169 0.0000000 0.0765482 0.1466876 0.1199568 0.4122559 
G_olivacea       0.1970319 0.1673272 0.1520908 0.1960203 0.1569458 0.0982823 0.1037900 0.1037900 0.0996735 0.0996735 0.1058670 0.0953424 0.1402431 0.1295489 0.0863043 0.0765482 0.0000000 0.1668986 0.1786472 0.5104078 
G_tredecimmacul  0.1292383 0.1042579 0.1124959 0.1295748 0.0999633 0.1035004 0.1577719 0.1577719 0.1535401 0.1535401 0.1113113 0.1004540 0.0938138 0.0784058 0.1186901 0.1466876 0.1668986 0.0000000 0.1261526 0.2882217 
Oreina           0.1735659 0.1468564 0.1468564 0.1156799 0.1334468 0.1276468 0.1330654 0.1330654 0.1289032 0.1289032 0.1140662 0.1029794 0.0931713 0.0932031 0.1277470 0.1199568 0.1786472 0.1261526 0.0000000 0.2687010 
Chrysomela       0.2910132 0.2786654 0.2519869 0.2746911 0.2610722 0.3355242 0.3485856 0.3485856 0.3447291 0.3447291 0.3140508 0.2839636 0.2676484 0.2198697 0.2914173 0.4122559 0.5104078 0.2882217 0.2687010 0.0000000 
