18
G_viminalis     0.0000000 0.0400504 0.0530964 0.0768026 0.0645377 0.1347376 0.1706356 0.1663357 0.1553204 0.1434481 0.1027506 0.0874710 0.1320845 0.1667986 0.1762786 0.1217850 0.1611500 0.2545392 
G_holdausi      0.0400504 0.0000000 0.0344402 0.0678000 0.0654563 0.1145285 0.1518284 0.1475303 0.1258024 0.1082627 0.0962141 0.0791258 0.0940040 0.1568999 0.1489541 0.0974040 0.1360127 0.2407549 
G_occidentalis  0.0530964 0.0344402 0.0000000 0.0728252 0.0552885 0.1145285 0.1428215 0.1387295 0.1276966 0.1122811 0.0842060 0.0813893 0.0864900 0.1459333 0.1397763 0.1054595 0.1360127 0.2254287 
G_rufipes       0.0768026 0.0678000 0.0728252 0.0000000 0.0656989 0.1342101 0.1563435 0.1520741 0.1416439 0.1316268 0.1012608 0.0906817 0.1042533 0.1633936 0.1729357 0.1187501 0.1058359 0.2375115 
G_linnaeana     0.0645377 0.0654563 0.0552885 0.0656989 0.0000000 0.1025076 0.1375667 0.1333474 0.1239970 0.1167607 0.0705896 0.0776055 0.0984322 0.1169088 0.1414937 0.0935535 0.1215570 0.2192255 
G_fornicata     0.1347376 0.1145285 0.1145285 0.1342101 0.1025076 0.0000000 0.0647136 0.0609650 0.0561709 0.0480161 0.0731627 0.0848253 0.0610959 0.0876337 0.0914336 0.0955639 0.1179839 0.2750316 
G_interposita   0.1706356 0.1518284 0.1428215 0.1563435 0.1375667 0.0647136 0.0000000 0.0028867 0.0425116 0.0377362 0.1308240 0.1028011 0.0937500 0.0785485 0.0975841 0.1441505 0.1243755 0.2937699 
G_pallida       0.1663357 0.1475303 0.1387295 0.1520741 0.1333474 0.0609650 0.0028867 0.0000000 0.0391162 0.0344760 0.1266862 0.0989258 0.0899429 0.0747796 0.0936205 0.1398797 0.1202674 0.2886371 
G_intermedia    0.1553204 0.1258024 0.1276966 0.1416439 0.1239970 0.0561709 0.0425116 0.0391162 0.0000000 0.0123663 0.1112425 0.0815288 0.0721244 0.0762566 0.0974764 0.1017062 0.1049803 0.2604339 
G_quinquepuncta 0.1434481 0.1082627 0.1122811 0.1316268 0.1167607 0.0480161 0.0377362 0.0344760 0.0123663 0.0000000 0.1007723 0.0748957 0.0607909 0.0771840 0.0894898 0.0935623 0.0966588 0.2407683 
G_kamikawai     0.1027506 0.0962141 0.0842060 0.1012608 0.0705896 0.0731627 0.1308240 0.1266862 0.1112425 0.1007723 0.0000000 0.0682901 0.0853376 0.1183335 0.1292570 0.0881578 0.0878086 0.2269377 
G_rubripennis   0.0874710 0.0791258 0.0813893 0.0906817 0.0776055 0.0848253 0.1028011 0.0989258 0.0815288 0.0748957 0.0682901 0.0000000 0.0746822 0.0859050 0.1178194 0.0744485 0.0878348 0.1960303 
G_nigropiagiata 0.1320845 0.0940040 0.0864900 0.1042533 0.0984322 0.0610959 0.0937500 0.0899429 0.0721244 0.0607909 0.0853376 0.0746822 0.0000000 0.0799670 0.0812695 0.1096061 0.1182197 0.2501992 
G_variabilis    0.1667986 0.1568999 0.1459333 0.1633936 0.1169088 0.0876337 0.0785485 0.0747796 0.0762566 0.0771840 0.1183335 0.0859050 0.0799670 0.0000000 0.0723418 0.1326639 0.1116253 0.3319017 
G_olivacea      0.1762786 0.1489541 0.1397763 0.1729357 0.1414937 0.0914336 0.0975841 0.0936205 0.0974764 0.0894898 0.1292570 0.1178194 0.0812695 0.0723418 0.0000000 0.1462885 0.1584494 0.3905823 
G_tredecimmacul 0.1217850 0.0974040 0.1054595 0.1187501 0.0935535 0.0955639 0.1441505 0.1398797 0.1017062 0.0935623 0.0881578 0.0744485 0.1096061 0.1326639 0.1462885 0.0000000 0.1134420 0.2395324 
Oreina          0.1611500 0.1360127 0.1360127 0.1058359 0.1215570 0.1179839 0.1243755 0.1202674 0.1049803 0.0966588 0.0878086 0.0878348 0.1182197 0.1116253 0.1584494 0.1134420 0.0000000 0.2276067 
Chrysomela      0.2545392 0.2407549 0.2254287 0.2375115 0.2192255 0.2750316 0.2937699 0.2886371 0.2604339 0.2407683 0.2269377 0.1960303 0.2501992 0.3319017 0.3905823 0.2395324 0.2276067 0.0000000 
