20
G_viminalis      0.0000000 0.0042892 0.0089025 0.0516702 0.0539998 0.0580415 0.0738804 0.0887941 0.0930971 0.0991569 0.0783606 0.1081003 0.1081003 0.0956112 0.0992452 0.0988691 0.0799238 0.0843089 0.1533039 0.2028493 
G_occidentalis   0.0042892 0.0000000 0.0134732 0.0457490 0.0455936 0.0576374 0.0714550 0.0920824 0.0924980 0.0980756 0.0777385 0.1010561 0.1008361 0.0887815 0.0923046 0.0917163 0.0791279 0.0868745 0.1564170 0.2106702 
G_holdausi       0.0089025 0.0134732 0.0000000 0.0525241 0.0552300 0.0594441 0.0695669 0.1042453 0.0943249 0.1030837 0.0804380 0.1110581 0.1108052 0.0979315 0.1016699 0.0950635 0.0818653 0.0938803 0.1567302 0.2214165 
G_linnaeana      0.0516702 0.0457490 0.0525241 0.0000000 0.0518990 0.0727615 0.0862225 0.1055915 0.1009088 0.1142530 0.0985361 0.0948877 0.0946958 0.0781449 0.0813522 0.0931360 0.0928638 0.0828384 0.1742282 0.2513173 
G_rufipes        0.0539998 0.0455936 0.0552300 0.0518990 0.0000000 0.0751766 0.0957166 0.1169820 0.1187561 0.1173676 0.1023885 0.1087673 0.1085293 0.1033410 0.1070627 0.1133765 0.1015692 0.1029062 0.2083197 0.2781606 
G_rubripennis    0.0580415 0.0576374 0.0594441 0.0727615 0.0751766 0.0000000 0.0943692 0.0655796 0.0980883 0.1112808 0.0661620 0.1022030 0.1022030 0.0902608 0.0937494 0.1066311 0.0929321 0.0795486 0.1457862 0.2308750 
G_kamikawai      0.0738804 0.0714550 0.0695669 0.0862225 0.0957166 0.0943692 0.0000000 0.1284186 0.0971321 0.1107014 0.0977044 0.1121780 0.1119244 0.0931357 0.0967908 0.0938473 0.0891100 0.0895481 0.1335490 0.2710761 
G_tredecimmacul  0.0887941 0.0920824 0.1042453 0.1055915 0.1169820 0.0655796 0.1284186 0.0000000 0.1501009 0.1293967 0.0962521 0.1227533 0.1224563 0.1145152 0.1185850 0.1268412 0.1115068 0.0862037 0.1832095 0.3270893 
G_olivacea       0.0930971 0.0924980 0.0943249 0.1009088 0.1187561 0.0980883 0.0971321 0.1501009 0.0000000 0.0737549 0.0580680 0.0581155 0.0581155 0.0434683 0.0462532 0.0481219 0.0443979 0.0584565 0.1211602 0.2394347 
G_variabilis     0.0991569 0.0980756 0.1030837 0.1142530 0.1173676 0.1112808 0.1107014 0.1293967 0.0737549 0.0000000 0.0877909 0.0828715 0.0826971 0.0737562 0.0748221 0.0711334 0.0589125 0.0744688 0.1289831 0.2686158 
G_fornicata      0.0783606 0.0777385 0.0804380 0.0985361 0.1023885 0.0661620 0.0977044 0.0962521 0.0580680 0.0877909 0.0000000 0.0707643 0.0707643 0.0609266 0.0638721 0.0643345 0.0569925 0.0373883 0.1215889 0.2324640 
G_interposita_1_ 0.1081003 0.1010561 0.1110581 0.0948877 0.1087673 0.1022030 0.1121780 0.1227533 0.0581155 0.0828715 0.0707643 0.0000000 0.0000010 0.0109434 0.0086881 0.0340595 0.0349110 0.0496450 0.1296768 0.2726366 
G_interposita_2_ 0.1081003 0.1008361 0.1108052 0.0946958 0.1085293 0.1022030 0.1119244 0.1224563 0.0581155 0.0826971 0.0707643 0.0000010 0.0000000 0.0109266 0.0086749 0.0340036 0.0348523 0.0495544 0.1293658 0.2716858 
G_pallida_1_     0.0956112 0.0887815 0.0979315 0.0781449 0.1033410 0.0902608 0.0931357 0.1145152 0.0434683 0.0737562 0.0609266 0.0109434 0.0109266 0.0000000 0.0021092 0.0292123 0.0298880 0.0494276 0.1237054 0.2480857 
G_pallida_2_     0.0992452 0.0923046 0.1016699 0.0813522 0.1070627 0.0937494 0.0967908 0.1185850 0.0462532 0.0748221 0.0638721 0.0086881 0.0086749 0.0021092 0.0000000 0.0316951 0.0324325 0.0523237 0.1255815 0.2528855 
G_intermedia     0.0988691 0.0917163 0.0950635 0.0931360 0.1133765 0.1066311 0.0938473 0.1268412 0.0481219 0.0711334 0.0643345 0.0340595 0.0340036 0.0292123 0.0316951 0.0000000 0.0178667 0.0469043 0.1200459 0.2649776 
G_quinquepuncta  0.0799238 0.0791279 0.0818653 0.0928638 0.1015692 0.0929321 0.0891100 0.1115068 0.0443979 0.0589125 0.0569925 0.0349110 0.0348523 0.0298880 0.0324325 0.0178667 0.0000000 0.0394905 0.1221650 0.2428688 
G_nigropiagiata  0.0843089 0.0868745 0.0938803 0.0828384 0.1029062 0.0795486 0.0895481 0.0862037 0.0584565 0.0744688 0.0373883 0.0496450 0.0495544 0.0494276 0.0523237 0.0469043 0.0394905 0.0000000 0.1224383 0.2574632 
Oreina           0.1533039 0.1564170 0.1567302 0.1742282 0.2083197 0.1457862 0.1335490 0.1832095 0.1211602 0.1289831 0.1215889 0.1296768 0.1293658 0.1237054 0.1255815 0.1200459 0.1221650 0.1224383 0.0000000 0.2552582 
Chrysomela       0.2028493 0.2106702 0.2214165 0.2513173 0.2781606 0.2308750 0.2710761 0.3270893 0.2394347 0.2686158 0.2324640 0.2726366 0.2716858 0.2480857 0.2528855 0.2649776 0.2428688 0.2574632 0.2552582 0.0000000 
