18
G_viminalis     0.0000000 0.0042915 0.0089464 0.0521566 0.0543647 0.0583672 0.0741407 0.0897174 0.0932890 0.0993285 0.0789548 0.1089238 0.0962300 0.0991448 0.0802381 0.0847798 0.1544929 0.2019981 
G_occidentalis  0.0042915 0.0000000 0.0135408 0.0461268 0.0458491 0.0579365 0.0717647 0.0930410 0.0928325 0.0984505 0.0783856 0.1019472 0.0894159 0.0921098 0.0795084 0.0873931 0.1573561 0.2103758 
G_holdausi      0.0089464 0.0135408 0.0000000 0.0530254 0.0556232 0.0597898 0.0700101 0.1052852 0.0943184 0.1032683 0.0810002 0.1117612 0.0984899 0.0951997 0.0821455 0.0941642 0.1565181 0.2178700 
G_linnaeana     0.0521566 0.0461268 0.0530254 0.0000000 0.0524499 0.0733094 0.0864883 0.1070084 0.1013097 0.1146202 0.0993912 0.0959067 0.0786393 0.0938968 0.0934668 0.0835297 0.1743565 0.2542368 
G_rufipes       0.0543647 0.0458491 0.0556232 0.0524499 0.0000000 0.0758531 0.0958662 0.1189112 0.1194604 0.1176740 0.1034205 0.1098195 0.1044132 0.1142536 0.1022999 0.1037058 0.2084229 0.2799779 
G_rubripennis   0.0583672 0.0579365 0.0597898 0.0733094 0.0758531 0.0000000 0.0945843 0.0660899 0.0980981 0.1116280 0.0665922 0.1029132 0.0907317 0.1068117 0.0929841 0.0799629 0.1454414 0.2291532 
G_kamikawai     0.0741407 0.0717647 0.0700101 0.0864883 0.0958662 0.0945843 0.0000000 0.1295491 0.0969071 0.1101932 0.0981519 0.1125525 0.0933293 0.0940636 0.0891842 0.0898912 0.1338326 0.2677958 
G_tredecimmacul 0.0897174 0.0930410 0.1052852 0.1070084 0.1189112 0.0660899 0.1295491 0.0000000 0.1490885 0.1294728 0.0969836 0.1232269 0.1151876 0.1272804 0.1115512 0.0865821 0.1809238 0.3222809 
G_olivacea      0.0932890 0.0928325 0.0943184 0.1013097 0.1194604 0.0980981 0.0969071 0.1490885 0.0000000 0.0741154 0.0584391 0.0586548 0.0437181 0.0485080 0.0445922 0.0588519 0.1211689 0.2335965 
G_variabilis    0.0993285 0.0984505 0.1032683 0.1146202 0.1176740 0.1116280 0.1101932 0.1294728 0.0741154 0.0000000 0.0881305 0.0833088 0.0741789 0.0715037 0.0591654 0.0748377 0.1285449 0.2591946 
G_fornicata     0.0789548 0.0783856 0.0810002 0.0993912 0.1034205 0.0665922 0.0981519 0.0969836 0.0584391 0.0881305 0.0000000 0.0715412 0.0613724 0.0647694 0.0572746 0.0375664 0.1218239 0.2272238 
G_interposita   0.1089238 0.1019472 0.1117612 0.0959067 0.1098195 0.1029132 0.1125525 0.1232269 0.0586548 0.0833088 0.0715412 0.0000000 0.0110070 0.0342889 0.0351801 0.0501847 0.1294177 0.2661542 
G_pallida       0.0962300 0.0894159 0.0984899 0.0786393 0.1044132 0.0907317 0.0933293 0.1151876 0.0437181 0.0741789 0.0613724 0.0110070 0.0000000 0.0293271 0.0300419 0.0498305 0.1241271 0.2455420 
G_intermedia    0.0991448 0.0921098 0.0951997 0.0938968 0.1142536 0.1068117 0.0940636 0.1272804 0.0485080 0.0715037 0.0647694 0.0342889 0.0293271 0.0000000 0.0179507 0.0472798 0.1195134 0.2543132 
G_quinquepuncta 0.0802381 0.0795084 0.0821455 0.0934668 0.1022999 0.0929841 0.0891842 0.1115512 0.0445922 0.0591654 0.0572746 0.0351801 0.0300419 0.0179507 0.0000000 0.0397777 0.1220253 0.2340047 
G_nigropiagiata 0.0847798 0.0873931 0.0941642 0.0835297 0.1037058 0.0799629 0.0898912 0.0865821 0.0588519 0.0748377 0.0375664 0.0501847 0.0498305 0.0472798 0.0397777 0.0000000 0.1226784 0.2508241 
Oreina          0.1544929 0.1573561 0.1565181 0.1743565 0.2084229 0.1454414 0.1338326 0.1809238 0.1211689 0.1285449 0.1218239 0.1294177 0.1241271 0.1195134 0.1220253 0.1226784 0.0000000 0.2479038 
Chrysomela      0.2019981 0.2103758 0.2178700 0.2542368 0.2799779 0.2291532 0.2677958 0.3222809 0.2335965 0.2591946 0.2272238 0.2661542 0.2455420 0.2543132 0.2340047 0.2508241 0.2479038 0.0000000 
