20
G_viminalis      0.0000000 0.0510263 0.0683300 0.1165146 0.1475098 0.2759579 0.2811333 0.2263211 0.3436134 0.3368053 0.3419278 0.3207539 0.2826974 0.2597573 0.2804941 0.2578698 0.2207044 0.2944177 0.5333990 0.5287520 
G_holdausi       0.0510263 0.0000000 0.0839483 0.1037336 0.1587197 0.2749374 0.2883836 0.2266967 0.3037364 0.3339170 0.3307761 0.3098329 0.2834391 0.2875186 0.3166460 0.2840530 0.2402026 0.3259027 0.6090944 0.5620315 
G_occidentalis   0.0683300 0.0839483 0.0000000 0.1158683 0.1626081 0.2290455 0.2481747 0.1802261 0.3108552 0.3123114 0.3170237 0.2971309 0.2860967 0.2844430 0.2750093 0.2834110 0.2472701 0.2620497 0.5650494 0.5104132 
G_rufipes        0.1165146 0.1037336 0.1158683 0.0000000 0.1803416 0.2530183 0.2647209 0.2319729 0.3042539 0.2995801 0.2990778 0.3024309 0.2435482 0.2702171 0.3266057 0.2731418 0.2656027 0.3378333 0.6903689 0.6638889 
G_linnaeana      0.1475098 0.1587197 0.1626081 0.1803416 0.0000000 0.3105851 0.2745638 0.2447169 0.2901051 0.2835891 0.2700074 0.2686648 0.2509623 0.3022948 0.2958900 0.2711531 0.3008901 0.2883960 0.6043937 0.5441778 
G_Olivacea       0.2759579 0.2749374 0.2290455 0.2530183 0.3105851 0.0000000 0.1957334 0.2041080 0.2855565 0.2739008 0.2852015 0.2894494 0.2949066 0.2875737 0.2614882 0.3076868 0.3368856 0.3051825 0.7096769 0.6591008 
G_variabilis     0.2811333 0.2883836 0.2481747 0.2647209 0.2745638 0.1957334 0.0000000 0.1837067 0.2442258 0.2334355 0.2387075 0.2092515 0.2304043 0.2459805 0.2841126 0.2716908 0.3467812 0.2972119 0.6127099 0.6309367 
G_fornicata      0.2263211 0.2266967 0.1802261 0.2319729 0.2447169 0.2041080 0.1837067 0.0000000 0.2301023 0.2309773 0.2312638 0.2456469 0.2389324 0.1992221 0.2027406 0.2198119 0.2663042 0.2746247 0.4742191 0.4857206 
G_interposita_1_ 0.3436134 0.3037364 0.3108552 0.3042539 0.2901051 0.2855565 0.2442258 0.2301023 0.0000000 0.0095745 0.0219851 0.0388417 0.1097967 0.1360996 0.2963999 0.2963376 0.3272133 0.2509933 0.4856898 0.5356029 
G_interposita_2_ 0.3368053 0.3339170 0.3123114 0.2995801 0.2835891 0.2739008 0.2334355 0.2309773 0.0095745 0.0000000 0.0222223 0.0342273 0.1150626 0.1328461 0.2639925 0.2894945 0.3145279 0.2429382 0.4613044 0.5205810 
G_pallida_1_     0.3419278 0.3307761 0.3170237 0.2990778 0.2700074 0.2852015 0.2387075 0.2312638 0.0219851 0.0222223 0.0000000 0.0202057 0.1070922 0.1396722 0.2800242 0.2985188 0.3383933 0.2636940 0.4793257 0.4833534 
G_pallida_2_     0.3207539 0.3098329 0.2971309 0.3024309 0.2686648 0.2894494 0.2092515 0.2456469 0.0388417 0.0342273 0.0202057 0.0000000 0.0994933 0.1509405 0.2712649 0.2833325 0.3238681 0.2548094 0.4489433 0.5011849 
G_intermedia     0.2826974 0.2834391 0.2860967 0.2435482 0.2509623 0.2949066 0.2304043 0.2389324 0.1097967 0.1150626 0.1070922 0.0994933 0.0000000 0.0770510 0.2555396 0.2940666 0.3599358 0.2437251 0.5174158 0.5405921 
G_quinquepuncta  0.2597573 0.2875186 0.2844430 0.2702171 0.3022948 0.2875737 0.2459805 0.1992221 0.1360996 0.1328461 0.1396722 0.1509405 0.0770510 0.0000000 0.2690572 0.2808907 0.3491282 0.2624126 0.4985035 0.6164091 
G_nigropiagiata  0.2804941 0.3166460 0.2750093 0.3266057 0.2958900 0.2614882 0.2841126 0.2027406 0.2963999 0.2639925 0.2800242 0.2712649 0.2555396 0.2690572 0.0000000 0.3851455 0.3805716 0.3222306 0.5155079 0.5259186 
G_rubripennis    0.2578698 0.2840530 0.2834110 0.2731418 0.2711531 0.3076868 0.2716908 0.2198119 0.2963376 0.2894945 0.2985188 0.2833325 0.2940666 0.2808907 0.3851455 0.0000000 0.2480588 0.2592360 0.5961038 0.6011549 
G_kamikawai      0.2207044 0.2402026 0.2472701 0.2656027 0.3008901 0.3368856 0.3467812 0.2663042 0.3272133 0.3145279 0.3383933 0.3238681 0.3599358 0.3491282 0.3805716 0.2480588 0.0000000 0.2871577 0.5983681 0.5947354 
G_tredecimmacul  0.2944177 0.3259027 0.2620497 0.3378333 0.2883960 0.3051825 0.2972119 0.2746247 0.2509933 0.2429382 0.2636940 0.2548094 0.2437251 0.2624126 0.3222306 0.2592360 0.2871577 0.0000000 0.5547116 0.6233025 
Chrysomela       0.5333990 0.6090944 0.5650494 0.6903689 0.6043937 0.7096769 0.6127099 0.4742191 0.4856898 0.4613044 0.4793257 0.4489433 0.5174158 0.4985035 0.5155079 0.5961038 0.5983681 0.5547116 0.0000000 0.6603225 
Oreina           0.5287520 0.5620315 0.5104132 0.6638889 0.5441778 0.6591008 0.6309367 0.4857206 0.5356029 0.5205810 0.4833534 0.5011849 0.5405921 0.6164091 0.5259186 0.6011549 0.5947354 0.6233025 0.6603225 0.0000000 
