20
G_viminalis      0.0000000 0.0042934 0.0089860 0.0524426 0.0545654 0.0585698 0.0746758 0.0902877 0.0941904 0.1001885 0.1098540 0.0797025 0.1098540 0.0968997 0.1000055 0.1007327 0.0807198 0.0853053 0.1554352 0.2039867 
G_occidentalis   0.0042934 0.0000000 0.0136009 0.0463074 0.0459436 0.0580534 0.0722841 0.0936403 0.0936067 0.0991774 0.1027182 0.0790180 0.1025031 0.0899415 0.0928123 0.0936613 0.0798770 0.0879286 0.1584573 0.2124133 
G_holdausi       0.0089860 0.0136009 0.0000000 0.0533862 0.0559033 0.0600730 0.0706296 0.1061688 0.0954815 0.1041502 0.1128428 0.0818699 0.1125977 0.0992902 0.0961706 0.1032261 0.0827435 0.0949929 0.1578153 0.2203659 
G_linnaeana      0.0524426 0.0463074 0.0533862 0.0000000 0.0526763 0.0735988 0.0870505 0.1077881 0.1020633 0.1153979 0.0963425 0.1000816 0.0961526 0.0788672 0.0943593 0.0822560 0.0938191 0.0840242 0.1755537 0.2566448 
G_rufipes        0.0545654 0.0459436 0.0559033 0.0526763 0.0000000 0.0760475 0.0965451 0.1196950 0.1202436 0.1185136 0.1104086 0.1040420 0.1101746 0.1048445 0.1148993 0.1088314 0.1027372 0.1043923 0.2101284 0.2827694 
G_rubripennis    0.0585698 0.0580534 0.0600730 0.0735988 0.0760475 0.0000000 0.0952059 0.0664043 0.0989016 0.1122810 0.1036514 0.0670242 0.1036514 0.0912333 0.1075783 0.0949103 0.0935477 0.0804073 0.1464950 0.2314655 
G_kamikawai      0.0746758 0.0722841 0.0706296 0.0870505 0.0965451 0.0952059 0.0000000 0.1304993 0.0978456 0.1111711 0.1135238 0.0987995 0.1132797 0.0940039 0.0948343 0.0978202 0.0897106 0.0904126 0.1348907 0.2705997 
G_tredecimmacul  0.0902877 0.0936403 0.1061688 0.1077881 0.1196950 0.0664043 0.1304993 0.0000000 0.1507605 0.1307892 0.1245737 0.0978681 0.1242894 0.1162387 0.1284539 0.1205346 0.1127464 0.0872900 0.1825721 0.3259596 
G_olivacea       0.0941904 0.0936067 0.0954815 0.1020633 0.1202436 0.0989016 0.0978456 0.1507605 0.0000000 0.0745748 0.0590535 0.0588228 0.0590535 0.0439346 0.0489202 0.0468205 0.0448285 0.0593677 0.1221829 0.2362411 
G_variabilis     0.1001885 0.0991774 0.1041502 0.1153979 0.1185136 0.1122810 0.1111711 0.1307892 0.0745748 0.0000000 0.0841288 0.0888727 0.0839600 0.0747074 0.0720297 0.0758295 0.0595157 0.0755160 0.1296192 0.2622027 
G_interposita_1_ 0.1098540 0.1027182 0.1128428 0.0963425 0.1104086 0.1036514 0.1135238 0.1245737 0.0590535 0.0841288 0.0000000 0.0719240 0.0000010 0.0110389 0.0343467 0.0087539 0.0352978 0.0504611 0.1306003 0.2693796 
G_fornicata      0.0797025 0.0790180 0.0818699 0.1000816 0.1040420 0.0670242 0.0987995 0.0978681 0.0588228 0.0888727 0.0719240 0.0000000 0.0719240 0.0615893 0.0650207 0.0646792 0.0575019 0.0376285 0.1226900 0.2298682 
G_interposita_2_ 0.1098540 0.1025031 0.1125977 0.0961526 0.1101746 0.1036514 0.1132797 0.1242894 0.0590535 0.0839600 0.0000010 0.0719240 0.0000000 0.0110228 0.0342925 0.0087412 0.0352407 0.0503720 0.1303056 0.2685490 
G_pallida_1_     0.0968997 0.0899415 0.0992902 0.0788672 0.1048445 0.0912333 0.0940039 0.1162387 0.0439346 0.0747074 0.0110389 0.0615893 0.0110228 0.0000000 0.0293675 0.0021124 0.0301357 0.0500886 0.1249468 0.2481480 
G_intermedia     0.1000055 0.0928123 0.0961706 0.0943593 0.1148993 0.1075783 0.0948343 0.1284539 0.0489202 0.0720297 0.0343467 0.0650207 0.0342925 0.0293675 0.0000000 0.0319175 0.0180017 0.0475319 0.1206746 0.2573610 
G_pallida_2_     0.1007327 0.0936613 0.1032261 0.0822560 0.1088314 0.0949103 0.0978202 0.1205346 0.0468205 0.0758295 0.0087539 0.0646792 0.0087412 0.0021124 0.0319175 0.0000000 0.0327523 0.0531053 0.1267343 0.2516539 
G_quinquepuncta  0.0807198 0.0798770 0.0827435 0.0938191 0.1027372 0.0935477 0.0897106 0.1127464 0.0448285 0.0595157 0.0352978 0.0575019 0.0352407 0.0301357 0.0180017 0.0327523 0.0000000 0.0399963 0.1227981 0.2365751 
G_nigropiagiata  0.0853053 0.0879286 0.0949929 0.0840242 0.1043923 0.0804073 0.0904126 0.0872900 0.0593677 0.0755160 0.0504611 0.0376285 0.0503720 0.0500886 0.0475319 0.0531053 0.0399963 0.0000000 0.1234590 0.2536161 
Oreina           0.1554352 0.1584573 0.1578153 0.1755537 0.2101284 0.1464950 0.1348907 0.1825721 0.1221829 0.1296192 0.1306003 0.1226900 0.1303056 0.1249468 0.1206746 0.1267343 0.1227981 0.1234590 0.0000000 0.2506179 
Chrysomela       0.2039867 0.2124133 0.2203659 0.2566448 0.2827694 0.2314655 0.2705997 0.3259596 0.2362411 0.2622027 0.2693796 0.2298682 0.2685490 0.2481480 0.2573610 0.2516539 0.2365751 0.2536161 0.2506179 0.0000000 
